grid
(1,1) (13,13)
end

blockages
(5,5) (8,2)
(7,11) (9,9)
(2,9) (4,7)
(4,9) (6,7)
(5,11) (7,9)
(1,11) (2,9)
end

nets
1 (9,8) -> (11,6)
2 (5,13) -> (9,6)
4 (3,1) -> (4,1)
5 (2,13) -> (13,7)
3 (10,13) -> (6,6)
end

routes
1 (9,8) (10,8) (11,8) (11,7) (11,6)
2 (5,13) (6,13) (7,13) (8,13) (8,12) (9,12) (10,12) (10,11) (10,10) (10,9) (10,8) (9,8) (9,7) (9,6)
3 (10,13) (10,12) (10,11) (10,10) (10,9) (10,8) (9,8) (8,8) (7,8) (7,7) (7,6) (6,6)
4 (3,1) (4,1)
5 (2,13) (3,13) (4,13) (5,13) (6,13) (6,13) (7,13) (8,13) (9,13) (10,13) (11,13) (12,13) (13,13) (13,12) (13,11) (13,10) (13,9) (13,8) (13,7)
end

算法执行完毕！！！算法执行 30 次所花的时间为 60 秒


单目标算法最佳完成时间：18个步长，平均步长：18，标准差：0