grid
(1,1) (13,13)
end

blockages
(7,10) (10,7)
(10,7) (12,5)
(10,9) (12,7)
(2,11) (4,9)
(4,4) (6,2)
(2,4) (4,2)
end

nets
1 (10,13) -> (10,4)
2 (1,8) -> (7,1)
3 (3,7) -> (5,5)
4 (6,10) -> (13,7)
end

routes
1 (10,13) (11,13) (12,13) (13,13) (13,12) (13,11) (13,10) (13,9) (13,8) (13,7) (13,6) (13,5) (13,4) (12,4) (11,4) (10,4)
2 (1,8) (1,7) (1,6) (1,5) (2,5) (3,5) (4,5) (5,5) (6,5) (7,5) (7,4) (7,3) (7,2) (7,1)
3 (3,7) (4,7) (5,7) (5,7) (5,7) (5,7) (5,7) (5,7) (5,7) (5,7) (5,6) (5,5)
4 (6,10) (6,11) (7,11) (8,11) (9,11) (10,11) (11,11) (11,11) (12,11) (13,11) (13,10) (13,9) (13,8) (13,7)
end

算法执行完毕！！！算法执行 30 次所花的时间为 45 秒


单目标算法最佳完成时间：15个步长，平均步长：15，标准差：0