grid
(1,1) (13,13)
end

blockages
(4,5) (7,2)
(5,9) (10,7)
(2,7) (4,5)
(10,8) (12,6)
(7,11) (9,9)
(4,7) (6,5)
(1,9) (2,7)
end

nets
1 (10,13) -> (10,3)
3 (3,1) -> (8,1)
2 (4,11) -> (13,7)
end

routes
1 (10,13) (11,13) (12,13) (13,13) (13,12) (13,11) (13,10) (13,9) (13,8) (13,7) (13,6) (13,5) (12,5) (11,5) (10,5) (10,4) (10,3)
2 (4,11) (4,12) (5,12) (6,12) (7,12) (8,12) (9,12) (10,12) (11,12) (12,12) (13,12) (13,11) (13,10) (13,9) (13,8) (13,7)
3 (3,1) (4,1) (5,1) (6,1) (7,1) (8,1)
end

算法执行完毕！！！算法执行 30 次所花的时间为 36 秒


单目标算法最佳完成时间：16个步长，平均步长：16，标准差：0