grid
(1,1) (13,13)
end

blockages
(2,8) (4,6)
(7,4) (9,2)
(2,6) (4,4)
(9,4) (11,2)
(5,8) (7,6)
end

nets
5 (3,11) -> (11,6)
1 (5,1) -> (5,9)
2 (3,3) -> (5,9)
4 (13,6) -> (13,7)
6 (10,1) -> (11,6)
3 (10,9) -> (11,8)
end

routes
1 (5,1) (5,2) (5,3) (5,4) (5,5) (6,5) (7,5) (8,5) (8,5) (8,5) (8,5) (8,5) (8,6) (8,7) (8,8) (8,9) (7,9) (6,9) (5,9)
2 (3,3) (2,3) (1,3) (1,4) (1,5) (1,6) (1,7) (1,8) (1,9) (2,9) (3,9) (4,9) (5,9)
3 (10,9) (11,9) (11,9) (11,9) (11,9) (11,9) (11,9) (11,9) (11,9) (11,9) (11,9) (11,9) (11,9) (11,9) (11,8)
4 (13,6) (13,7)
5 (3,11) (4,11) (5,11) (6,11) (7,11) (8,11) (8,10) (8,9) (8,8) (8,7) (9,7) (10,7) (11,7) (11,6)
6 (10,1) (11,1) (12,1) (12,2) (12,3) (12,4) (13,4) (13,5) (13,6) (12,6) (11,6)
end

算法执行完毕！！！算法执行 30 次所花的时间为 69 秒


单目标算法最佳完成时间：18个步长，平均步长：18，标准差：0