grid
(1,1) (13,13)
end

blockages
(6,5) (9,2)
(10,9) (12,7)
(4,4) (6,2)
(2,4) (4,2)
(2,6) (4,4)
end

nets
2 (1,12) -> (6,9)
5 (11,10) -> (13,7)
7 (10,13) -> (13,4)
1 (5,1) -> (6,9)
3 (8,12) -> (13,7)
6 (13,6) -> (10,1)
4 (9,6) -> (4,7)
end

routes
1 (5,1) (4,1) (3,1) (2,1) (1,1) (1,2) (1,3) (1,4) (1,5) (1,6) (1,7) (1,8) (1,9) (2,9) (3,9) (4,9) (5,9)
2 (1,12) (2,12) (3,12) (4,12) (5,12) (6,12) (6,11) (6,10) (6,9)
3 (8,12) (8,12) (9,12) (10,12) (11,12) (11,12) (11,12) (12,12) (13,12) (13,11) (13,10) (13,9) (13,8) (13,7)
4 (9,6) (9,7) (8,7) (7,7) (6,7) (5,7) (4,7)
5 (11,10) (12,10) (13,10) (13,9) (13,8) (13,7)
6 (13,6) (12,6) (11,6) (11,5) (11,4) (10,4) (10,3) (10,2) (10,1)
7 (10,13) (11,13) (12,13) (13,13) (13,12) (13,11) (13,10) (13,9) (13,8) (13,7) (13,6) (13,5) (13,4)
end

算法执行完毕！！！算法执行 30 次所花的时间为 89 秒


单目标算法最佳完成时间：16个步长，平均步长：16，标准差：0