grid
(1,1) (13,13)
end

blockages
(2,12) (5,9)
(6,9) (8,7)
(7,11) (9,9)
(2,9) (4,7)
(4,9) (6,7)
(5,11) (7,9)
end

nets
1 (5,3) -> (9,4)
2 (10,13) -> (7,6)
4 (7,1) -> (13,7)
3 (5,6) -> (1,3)
end

routes
1 (5,3) (5,4) (6,4) (7,4) (8,4) (9,4)
2 (10,13) (10,12) (10,11) (10,10) (10,9) (10,8) (9,8) (9,7) (9,6) (8,6) (7,6)
3 (5,6) (4,6) (3,6) (2,6) (1,6) (1,5) (1,4) (1,3)
4 (7,1) (7,2) (8,2) (9,2) (10,2) (11,2) (11,3) (11,4) (11,5) (11,6) (11,7) (12,7) (13,7)
end

算法执行完毕！！！算法执行 30 次所花的时间为 43 秒


单目标算法最佳完成时间：12个步长，平均步长：12，标准差：0