grid
(1,1) (16,16)
end

blockages
(7,8) (10,5)
(12,6) (15,2)
end

nets
2 (1,5) -> (6,13)
4 (12,16) -> (3,13)
1 (16,5) -> (6,13)
3 (1,12) -> (2,6)
end

routes
1 (16,5) (16,6) (16,7) (16,8) (16,9) (16,10) (16,11) (16,12) (16,13) (15,13) (14,13) (13,13) (12,13) (11,13) (10,13) (9,13) (8,13) (7,13)
2 (1,5) (1,6) (1,7) (1,8) (1,9) (1,10) (2,10) (3,10) (3,11) (3,12) (3,13) (4,13) (5,13) (6,13)
3 (1,12) (1,12) (1,12) (1,12) (1,12) (1,12) (1,12) (1,12) (1,11) (1,11) (1,11) (2,11) (2,10) (2,9) (2,8) (2,7) (2,6)
4 (12,16) (11,16) (10,16) (9,16) (8,16) (7,16) (6,16) (5,16) (4,16) (3,16) (3,15) (3,15) (3,15) (3,14) (3,13)
end

算法执行完毕！！！算法执行 30 次所花的时间为 85 秒，平均每次运行2.8s

单目标算法最佳完成时间：17个步长，平均步长：17，标准差：0