grid
(1,1) (16,16)
end

blockages
end

nets
2 (1,12) -> (6,7)
3 (5,16) -> (13,7)
4 (12,16) -> (12,1)
1 (16,12) -> (6,7)
end

routes
1 (16,12) (15,12) (14,12) (13,12) (13,12) (13,12) (13,12) (13,12) (12,12) (11,12) (10,12) (9,12) (8,12) (7,12) (6,12) (6,11) (6,10) (6,9) (6,8)
2 (1,12) (2,12) (3,12) (4,12) (5,12) (6,12) (6,11) (6,10) (6,9) (6,8) (6,7)
3 (5,16) (6,16) (7,16) (8,16) (9,16) (10,16) (10,15) (10,14) (11,14) (12,14) (13,14) (13,13) (13,12) (13,11) (13,10) (13,9) (13,8) (13,7)
4 (12,16) (11,16) (11,15) (11,14) (11,13) (11,12) (11,11) (11,10) (11,9) (11,8) (11,7) (11,6) (11,5) (12,5) (12,4) (12,3) (12,2) (12,1)
end

算法执行完毕！！！算法执行 30 次所花的时间为 91 秒，平均每次运行3.0s

单目标算法最佳完成时间：18个步长，平均步长：18，标准差：0