grid
(1,1) (16,16)
end

blockages
(7,14) (10,11)
end

nets
1 (11,7) -> (6,8)
4 (16,12) -> (9,3)
3 (12,1) -> (9,1)
6 (16,5) -> (1,3)
7 (2,6) -> (1,3)
2 (15,1) -> (13,16)
5 (5,6) -> (9,3)
end

routes
1 (11,7) (11,8) (10,8) (9,8) (8,8) (7,8) (6,8)
2 (15,1) (15,2) (15,3) (14,3) (14,3) (14,4) (14,5) (14,6) (14,7) (14,8) (14,9) (14,10) (14,11) (14,12) (14,13) (14,14) (14,15) (14,16) (13,16)
3 (12,1) (11,1) (10,1) (9,1)
4 (16,12) (15,12) (14,12) (13,12) (12,12) (11,12) (11,11) (11,10) (10,10) (9,10) (9,9) (9,8) (9,7) (9,6) (9,5) (9,4) (9,3)
5 (5,6) (5,6) (5,6) (5,6) (5,6) (5,6) (5,6) (5,6) (5,6) (5,6) (5,6) (6,6) (7,6) (8,6)
6 (16,5) (15,5) (14,5) (13,5) (12,5) (11,5) (10,5) (9,5) (8,5) (7,5) (7,4) (6,4) (5,4) (4,4) (3,4) (2,4) (1,4) (1,3)
7 (2,6) (1,6) (1,5) (1,4) (1,3)
end

算法执行完毕！！！算法执行 30 次所花的时间为 139 秒，平均每次运行4.6s

单目标算法最佳完成时间：18个步长，平均步长：18，标准差：0