grid
(1,1) (16,16)
end

blockages
(7,15) (10,11)
(7,6) (10,2)
end

nets
1 (6,8) -> (9,1)
4 (12,3) -> (15,8)
3 (5,3) -> (2,8)
2 (11,8) -> (9,1)
end

routes
1 (6,8) (6,8) (6,8) (6,8) (6,8) (6,7) (6,6) (6,5) (6,4) (6,3) (6,2) (6,1) (7,1) (8,1) (9,1)
2 (11,8) (11,8) (11,8) (11,8) (11,8) (11,7) (11,6) (11,5) (11,4) (11,3) (11,2) (11,1) (10,1) (9,1)
3 (5,3) (5,4) (5,5) (5,6) (4,6) (4,7) (4,8) (3,8) (2,8)
4 (12,3) (12,4) (12,5) (12,6) (13,6) (13,7) (13,8) (14,8) (15,8)
end


算法执行完毕！！！算法执行 30 次所花的时间为 85 秒，平均每次运行2.8s


单目标算法最佳完成时间：14个步长，平均步长：14，标准差：0