grid
(1,1) (21,21)
end

blockages
(17,10) (20,7)
(2,8) (4,6)
(6,4) (8,2)
(6,9) (8,7)
(10,4) (12,2)
(14,4) (16,2)
end

nets
4 (16,8) -> (21,11)
3 (14,6) -> (9,8)
2 (6,13) -> (21,11)
1 (4,11) -> (6,12)
end

routes
1 (4,11) (4,12) (5,12) (6,12)
2 (6,13) (7,13) (8,13) (9,13) (10,13) (11,13) (12,13) (13,13) (14,13) (15,13) (16,13) (17,13) (18,13) (19,13) (20,13) (21,13) (21,12) (21,11)
3 (14,6) (14,7) (14,8) (13,8) (12,8) (11,8) (10,8) (9,8)
4 (16,8) (16,9) (16,10) (16,11) (17,11) (18,11) (19,11) (20,11) (21,11)
end

算法执行完毕！！！算法执行 30 次所花的时间为 112 秒


单目标算法最佳完成时间：17个步长，平均步长：17，标准差：0