grid
(1,1) (21,21)
end

blockages
(5,8) (8,5)
(12,20) (15,17)
(7,13) (9,11)
(16,9) (18,7)
(12,9) (14,7)
(12,13) (14,11)
end

nets
1 (8,21) -> (6,17)
2 (13,3) -> (8,15)
4 (20,13) -> (21,11)
3 (18,11) -> (19,13)
end

routes
1 (8,21) (7,21) (6,21) (6,20) (6,19) (6,18) (6,17)
2 (13,3) (13,4) (13,5) (13,6) (12,6) (11,6) (11,7) (11,8) (11,9) (11,10) (11,11) (11,12) (11,13) (11,14) (11,15) (10,15) (9,15) (8,15)
3 (18,11) (18,12) (18,13) (19,13)
4 (20,13) (21,13) (21,12) (21,11)
end


算法执行完毕！！！算法执行 30 次所花的时间为 106 秒


单目标算法最佳完成时间：17个步长，平均步长：17，标准差：0