grid
(1,1) (21,21)
end

blockages
(11,10) (14,7)
(16,19) (18,17)
(2,9) (4,7)
(6,14) (8,12)
(2,13) (4,11)
end

nets
5 (20,8) -> (21,11)
2 (8,11) -> (5,8)
1 (2,4) -> (1,17)
4 (18,6) -> (19,13)
3 (10,9) -> (21,11)
end

routes
1 (2,4) (2,5) (2,6) (1,6) (1,7) (1,8) (1,9) (1,10) (1,11) (1,12) (1,13) (1,14) (1,15) (1,16) (1,17)
2 (8,11) (7,11) (6,11) (5,11) (5,10) (5,9) (5,8)
3 (10,9) (10,10) (10,11) (11,11) (12,11) (13,11) (14,11) (15,11) (16,11) (17,11) (18,11) (19,11) (20,11) (21,11)
4 (18,6) (18,7) (18,8) (18,9) (18,10) (18,11) (18,12) (18,13) (19,13)
5 (20,8) (20,9) (20,10) (20,11) (21,11)
end

算法执行完毕！！！算法执行 30 次所花的时间为 134 秒


单目标算法最佳完成时间：14个步长，平均步长：14，标准差：0