grid
(1,1) (21,21)
end

blockages
(11,15) (14,12)
(6,9) (8,7)
(10,4) (12,2)
(10,9) (12,7)
(14,4) (16,2)
(7,13) (9,11)
end

nets
4 (19,11) -> (21,11)
1 (5,7) -> (1,13)
3 (21,9) -> (19,8)
2 (8,21) -> (3,15)
end

routes
1 (5,7) (5,8) (5,9) (5,10) (5,11) (5,12) (5,13) (4,13) (3,13) (2,13) (1,13)
2 (8,21) (7,21) (6,21) (5,21) (4,21) (3,21) (3,20) (3,19) (3,18) (3,17) (3,16) (3,15)
3 (21,9) (20,9) (19,9) (19,8)
4 (19,11) (20,11) (21,11)
end

算法执行完毕！！！算法执行 30 次所花的时间为 91 秒


单目标算法最佳完成时间：11个步长，平均步长：11，标准差：0