grid
(1,1) (21,21)
end

blockages
(16,19) (18,17)
(2,9) (4,7)
(6,14) (8,12)
(2,13) (4,11)
(2,18) (4,16)
end

nets
6 (15,9) -> (21,11)
2 (9,8) -> (5,8)
5 (13,11) -> (14,8)
4 (15,13) -> (12,18)
1 (8,1) -> (5,8)
3 (14,1) -> (12,18)
end

routes
1 (8,1) (8,2) (8,3) (8,4) (8,5) (8,6) (8,7) (8,8) (7,8) (6,8)
2 (9,8) (8,8) (7,8) (6,8) (5,8)
3 (14,1) (14,2) (14,3) (14,4) (14,5) (14,6) (13,6) (12,6) (12,7) (12,8) (12,9) (12,10) (12,11) (12,12) (12,13) (12,14) (12,15) (12,16) (12,17)
4 (15,13) (15,14) (15,15) (15,16) (15,17) (15,18) (14,18) (13,18) (12,18)
5 (13,11) (13,11) (13,11) (13,11) (14,11) (14,10) (14,9) (14,8)
6 (15,9) (15,10) (15,11) (16,11) (17,11) (18,11) (19,11) (20,11) (21,11)
end

算法执行完毕！！！算法执行 30 次所花的时间为 185 秒


单目标算法最佳完成时间：18个步长，平均步长：18，标准差：0