grid
(1,1) (21,21)
end

blockages
(2,20) (5,17)
(7,15) (10,12)
(16,19) (18,17)
(2,9) (4,7)
(16,14) (18,12)
(12,18) (14,16)
end

nets
2 (15,12) -> (15,9)
1 (15,8) -> (5,9)
3 (8,21) -> (7,11)
4 (14,21) -> (17,11)
end

routes
1 (15,8) (15,9) (14,9) (13,9) (12,9) (11,9) (10,9) (9,9) (8,9) (7,9) (6,9) (5,9)
2 (15,12) (15,11) (15,11) (15,11) (15,10) (15,9)
3 (8,21) (7,21) (6,21) (6,20) (6,19) (6,18) (6,17) (6,16) (6,15) (6,14) (6,13) (6,12) (6,11) (7,11)
4 (14,21) (15,21) (15,20) (15,19) (15,18) (15,17) (15,16) (15,15) (15,14) (15,13) (15,12) (15,11) (16,11) (17,11)
end

算法执行完毕！！！算法执行 30 次所花的时间为 123 秒


单目标算法最佳完成时间：13个步长，平均步长：13，标准差：0