grid
(1,1) (21,21)
end

blockages
(10,15) (13,12)
(15,15) (18,12)
(2,12) (4,10)
(11,9) (13,7)
(16,4) (18,2)
(15,9) (17,7)
end

nets
2 (7,6) -> (21,11)
3 (8,21) -> (6,6)
1 (5,8) -> (9,8)
4 (1,7) -> (4,4)
end

routes
1 (5,8) (5,8) (5,8) (5,8) (5,8) (6,8) (7,8) (8,8) (9,8)
2 (7,6) (7,7) (7,8) (7,9) (7,10) (7,11) (8,11) (9,11) (10,11) (11,11) (12,11) (13,11) (14,11) (15,11) (16,11) (17,11) (18,11) (19,11) (20,11) (21,11)
3 (8,21) (7,21) (7,20) (7,19) (7,18) (7,17) (7,16) (7,15) (7,14) (7,13) (7,12) (7,11) (7,10) (7,9) (7,8) (7,7) (7,6) (6,6)
4 (1,7) (2,7) (3,7) (3,7) (3,7) (3,7) (4,7) (4,6) (4,5) (4,4)
end

算法执行完毕！！！算法执行 30 次所花的时间为 118 秒


单目标算法最佳完成时间：19个步长，平均步长：19，标准差：0

