grid
(1,1) (21,21)
end

blockages
(10,5) (13,2)
(17,10) (20,7)
(10,14) (12,12)
(6,14) (8,12)
(2,8) (4,6)
(2,12) (4,10)
end

nets
1 (5,3) -> (10,9)
3 (13,6) -> (21,11)
2 (11,8) -> (14,8)
4 (8,21) -> (8,11)
end

routes
1 (5,3) (5,4) (5,5) (5,6) (5,7) (5,8) (5,9) (6,9) (7,9) (8,9) (9,9) (10,9)
2 (11,8) (12,8) (13,8) (14,8)
3 (13,6) (14,6) (15,6) (16,6) (16,7) (16,8) (16,9) (16,10) (16,11) (17,11) (18,11) (19,11) (20,11) (21,11)
4 (8,21) (9,21) (9,20) (9,19) (9,18) (9,17) (9,16) (9,15) (9,14) (9,13) (9,12) (9,11) (8,11)
end

算法执行完毕！！！算法执行 30 次所花的时间为 115 秒


单目标算法最佳完成时间：13个步长，平均步长：13，标准差：0
