grid
(1,1) (21,21)
end

blockages
(10,15) (13,12)
(2,9) (4,7)
(16,19) (18,17)
end

nets
3 (5,12) -> (21,11)
1 (5,17) -> (5,13)
2 (9,13) -> (21,11)
end

routes
1 (5,17) (5,16) (5,15) (5,14) (5,13)
2 (9,13) (9,12) (9,11) (10,11) (11,11) (12,11) (13,11) (14,11) (15,11) (16,11) (17,11) (18,11) (19,11) (20,11) (21,11) (21,11)
3 (5,12) (6,12) (7,12) (7,11) (8,11) (9,11) (10,11) (11,11) (12,11) (13,11) (14,11) (15,11) (16,11) (17,11) (18,11) (19,11) (20,11) (21,11)
end

算法执行完毕！！！算法执行 30 次所花的时间为 112 秒


单目标算法最佳完成时间：17个步长，平均步长：17，标准差：0