grid
(1,1) (21,21)
end

blockages
(7,10) (10,7)
(17,5) (20,2)
(12,9) (14,7)
(2,14) (4,12)
(2,4) (4,2)
(6,4) (8,2)
end

nets
4 (14,6) -> (21,11)
3 (16,4) -> (13,3)
1 (6,9) -> (1,7)
2 (4,11) -> (21,11)
end

routes
1 (6,9) (5,9) (4,9) (3,9) (2,9) (1,9) (1,8) (1,7)
2 (4,11) (5,11) (6,11) (7,11) (8,11) (9,11) (10,11) (11,11) (12,11) (13,11) (14,11) (15,11) (16,11) (17,11) (18,11) (19,11) (20,11) (21,11)
3 (16,4) (15,4) (14,4) (13,4) (13,3)
4 (14,6) (15,6) (15,7) (15,8) (15,9) (15,10) (15,11) (16,11) (17,11) (18,11) (19,11) (20,11) (21,11)
end

算法执行完毕！！！算法执行 30 次所花的时间为 108 秒


单目标算法最佳完成时间：17个步长，平均步长：17，标准差：0