grid
(1,1) (21,21)
end

blockages
(10,10) (13,7)
(12,20) (15,17)
(6,9) (8,7)
(2,17) (4,15)
(7,4) (9,2)
(6,19) (8,17)
end

nets
4 (8,21) -> (17,11)
3 (12,1) -> (21,11)
1 (9,12) -> (15,9)
2 (10,3) -> (16,3)
end

routes
1 (9,12) (10,12) (11,12) (12,12) (13,12) (14,12) (15,12) (15,11) (15,11) (15,11) (15,11) (15,11) (15,11) (15,11) (15,10) (15,9)
2 (10,3) (10,3) (10,3) (10,3) (10,3) (11,3) (12,3) (13,3) (14,3) (15,3) (16,3)
3 (12,1) (12,2) (12,3) (12,4) (12,5) (12,6) (13,6) (14,6) (14,7) (14,8) (14,9) (15,9) (16,9) (17,9) (18,9) (19,9) (19,10) (19,11) (20,11) (21,11)
4 (8,21) (9,21) (10,21) (11,21) (12,21) (13,21) (14,21) (15,21) (16,21) (17,21) (17,20) (17,19) (17,18) (17,17) (17,16) (17,15) (17,14) (17,13) (17,12) (17,11)
end

算法执行完毕！！！算法执行 30 次所花的时间为 113 秒


单目标算法最佳完成时间：19个步长，平均步长：19，标准差：0
