grid
(1,1) (21,21)
end

blockages
(2,14) (5,11)
(16,15) (19,12)
(10,9) (12,7)
(14,4) (16,2)
(7,13) (9,11)
(16,9) (18,7)
end

nets
4 (15,13) -> (21,11)
1 (8,21) -> (4,6)
3 (13,11) -> (11,12)
2 (9,3) -> (6,4)
end

routes
1 (8,21) (7,21) (6,21) (6,20) (6,19) (6,18) (6,17) (6,16) (6,15) (6,14) (6,13) (6,12) (6,11) (6,10) (5,10) (4,10) (4,9) (4,8) (4,7) (4,6)
2 (9,3) (9,4) (8,4) (7,4) (6,4)
3 (13,11) (13,12) (12,12) (11,12)
4 (15,13) (15,12) (15,11) (16,11) (17,11) (18,11) (19,11) (20,11) (21,11)
end

算法执行完毕！！！算法执行 30 次所花的时间为 100 秒


单目标算法最佳完成时间：19个步长，平均步长：19，标准差：0