grid
(1,1) (21,21)
end

blockages
(7,10) (10,7)
(17,5) (20,2)
(2,4) (4,2)
(2,8) (4,6)
(6,4) (8,2)
(10,4) (12,2)
end

nets
3 (15,8) -> (11,9)
4 (5,13) -> (1,14)
1 (8,21) -> (3,16)
2 (14,21) -> (13,11)
end

routes
1 (8,21) (7,21) (6,21) (5,21) (4,21) (3,21) (3,20) (3,19) (3,18) (3,17) (3,16)
2 (14,21) (13,21) (13,20) (13,19) (13,18) (13,17) (13,16) (13,15) (13,14) (13,13) (13,12) (13,11)
3 (15,8) (15,9) (14,9) (13,9) (12,9) (11,9)
4 (5,13) (5,14) (4,14) (3,14) (2,14) (1,14)
end

算法执行完毕！！！算法执行 30 次所花的时间为 104 秒


单目标算法最佳完成时间：11个步长，平均步长：11，标准差：0
