grid
(1,1) (21,21)
end

blockages
(12,10) (15,7)
(6,4) (8,2)
(2,4) (4,2)
end

nets
4 (8,6) -> (9,13)
1 (17,3) -> (14,4)
3 (1,8) -> (1,11)
5 (6,8) -> (5,13)
6 (14,21) -> (12,6)
2 (3,6) -> (1,7)
end

routes
1 (17,3) (17,4) (16,4) (15,4) (14,4)
2 (3,6) (3,7) (2,7) (1,7)
3 (1,8) (1,9) (1,10) (1,11)
4 (8,6) (8,7) (8,8) (8,9) (8,10) (8,11) (8,12) (8,13) (9,13)
5 (6,8) (6,9) (6,10) (6,11) (6,12) (6,13) (5,13)
6 (14,21) (13,21) (12,21) (11,21) (11,20) (11,19) (11,18) (11,17) (11,16) (11,15) (11,14) (11,13) (11,12) (11,11) (11,10) (11,9) (11,8) (11,7) (11,6) (12,6)
end

算法执行完毕！！！算法执行 30 次所花的时间为 189 秒


单目标算法最佳完成时间：19个步长，平均步长：19，标准差：0