grid
(1,1) (21,21)
end

blockages
(6,10) (9,7)
(10,15) (13,12)
(2,8) (4,6)
(2,12) (4,10)
(11,9) (13,7)
(16,4) (18,2)
(15,9) (17,7)
end

nets
1 (8,21) -> (17,16)
2 (9,13) -> (19,14)
end

routes
1 (8,21) (9,21) (10,21) (11,21) (12,21) (13,21) (14,21) (15,21) (16,21) (17,21) (17,20) (17,19) (17,18) (17,17) (17,16)
2 (9,13) (9,14) (9,15) (9,16) (10,16) (11,16) (12,16) (13,16) (14,16) (15,16) (15,15) (15,14) (16,14) (17,14) (18,14) (19,14)
end

算法执行完毕！！！算法执行 30 次所花的时间为 59 秒


单目标算法最佳完成时间：15个步长，平均步长：15，标准差：0