grid
(1,1) (21,21)
end

blockages
(7,5) (10,2)
(2,5) (5,2)
end

nets
4 (1,12) -> (6,9)
1 (14,21) -> (9,11)
3 (1,8) -> (11,9)
2 (8,21) -> (4,11)
end

routes
1 (14,21) (13,21) (12,21) (11,21) (10,21) (10,20) (10,19) (9,19) (9,18) (9,17) (9,16) (9,15) (9,14) (9,13) (9,12) (9,11)
2 (8,21) (7,21) (6,21) (5,21) (4,21) (4,20) (4,19) (4,18) (4,17) (4,16) (4,15) (4,14) (4,13) (4,12) (4,11)
3 (1,8) (2,8) (3,8) (4,8) (4,7) (5,7) (6,7) (7,7) (8,7) (8,8) (8,9) (9,9) (10,9) (11,9)
4 (1,12) (2,12) (3,12) (4,12) (5,12) (6,12) (6,11) (6,10) (6,9)
end

法执行完毕！！！算法执行 30 次所花的时间为 121 秒


单目标算法最佳完成时间：15个步长，平均步长：15，标准差：0
