grid
(1,1) (21,21)
end

blockages
(12,20) (15,17)
(7,19) (10,16)
(16,9) (18,7)
(12,9) (14,7)
(12,13) (14,11)
(16,14) (18,12)
end

nets
1 (8,21) -> (1,8)
3 (9,7) -> (21,11)
4 (10,12) -> (3,6)
2 (7,9) -> (5,13)
end

routes
1 (8,21) (7,21) (6,21) (5,21) (4,21) (3,21) (2,21) (1,21) (1,20) (1,19) (1,18) (1,17) (1,16) (1,15) (1,14) (1,13) (1,12) (1,11) (1,10) (1,9) (1,8)
2 (7,9) (7,10) (7,10) (7,10) (7,10) (7,10) (7,11) (7,12) (7,13) (6,13) (5,13)
3 (9,7) (9,8) (9,9) (9,10) (10,10) (11,10) (12,10) (13,10) (14,10) (15,10) (15,11) (16,11) (17,11) (18,11) (19,11) (20,11) (21,11)
4 (10,12) (9,12) (8,12) (7,12) (6,12) (5,12) (4,12) (3,12) (3,11) (3,10) (3,9) (3,8) (3,7) (3,6)
end

算法执行完毕！！！算法执行 30 次所花的时间为 119 秒


单目标算法最佳完成时间：20个步长，平均步长：20，标准差：0