grid
(1,1) (21,21)
end

blockages
(16,15) (19,12)
(5,8) (8,5)
(12,20) (15,17)
(14,4) (16,2)
(7,13) (9,11)
(16,9) (18,7)
(12,13) (14,11)
end

nets
2 (6,12) -> (21,11)
1 (4,10) -> (11,8)
end

routes
1 (4,10) (4,10) (4,10) (4,10) (5,10) (6,10) (7,10) (8,10) (9,10) (10,10) (11,10) (11,9) (11,8)
2 (6,12) (6,11) (6,10) (7,10) (8,10) (9,10) (10,10) (11,10) (12,10) (13,10) (14,10) (15,10) (15,11) (16,11) (17,11) (18,11) (19,11) (20,11) (21,11)
end

算法执行完毕！！！算法执行 30 次所花的时间为 60 秒


单目标算法最佳完成时间：18个步长，平均步长：18，标准差：0