grid
(1,1) (21,21)
end

blockages
(2,15) (5,12)
(7,10) (10,7)
(12,9) (14,7)
(12,13) (14,11)
(16,14) (18,12)
end

nets
6 (5,8) -> (11,13)
4 (10,17) -> (6,18)
3 (8,1) -> (6,18)
2 (14,15) -> (21,11)
5 (14,1) -> (11,13)
1 (16,17) -> (15,17)
end

routes
1 (16,17) (15,17)
2 (14,15) (15,15) (16,15) (17,15) (18,15) (19,15) (20,15) (21,15) (21,14) (21,13) (21,12) (21,11)
3 (8,1) (8,2) (8,3) (8,4) (8,5) (8,6) (7,6) (6,6) (6,7) (6,8) (6,9) (6,10) (6,11) (6,12) (6,13) (6,14) (6,15) (6,16) (6,17)
4 (10,17) (10,18) (9,18) (8,18) (7,18) (6,18)
5 (14,1) (14,2) (14,3) (14,4) (14,5) (14,6) (13,6) (12,6) (11,6) (11,7) (11,8) (11,9) (11,10) (11,11) (11,12)
6 (5,8) (5,9) (5,10) (5,11) (6,11) (6,12) (6,13) (7,13) (8,13) (9,13) (10,13) (11,13)
end

算法执行完毕！！！算法执行 30 次所花的时间为 183 秒


单目标算法最佳完成时间：18个步长，平均步长：18，标准差：0