grid
(1,1) (21,21)
end

blockages
end

nets
2 (7,5) -> (9,6)
1 (3,5) -> (4,6)
3 (8,21) -> (6,4)
4 (14,21) -> (11,4)
end

routes
1 (3,5) (3,6) (4,6)
2 (7,5) (7,6) (8,6) (9,6)
3 (8,21) (7,21) (6,21) (6,20) (6,19) (6,18) (6,17) (6,16) (6,15) (6,14) (6,13) (6,12) (6,11) (6,10) (6,9) (6,8) (6,7) (6,6) (6,5) (6,4)
4 (14,21) (13,21) (12,21) (11,21) (11,20) (11,19) (11,18) (11,17) (11,16) (11,15) (11,14) (11,13) (11,12) (11,11) (11,10) (11,9) (11,8) (11,7) (11,6) (11,5) (11,4)
end


算法执行完毕！！！算法执行 30 次所花的时间为 139 秒


单目标算法最佳完成时间：20个步长，平均步长：20，标准差：0

