grid
(1,1) (21,21)
end

blockages
(12,10) (15,7)
(10,5) (13,2)
(2,4) (4,2)
(10,14) (12,12)
(6,14) (8,12)
(2,8) (4,6)
(2,12) (4,10)
end

nets
1 (9,3) -> (21,9)
2 (14,21) -> (19,11)
end

routes
1 (9,3) (9,4) (9,5) (9,6) (10,6) (11,6) (12,6) (13,6) (14,6) (15,6) (16,6) (16,7) (16,8) (16,9) (17,9) (18,9) (19,9) (20,9) (21,9)
2 (14,21) (15,21) (16,21) (17,21) (18,21) (19,21) (19,20) (19,19) (19,18) (19,17) (19,16) (19,15) (19,14) (19,13) (19,12) (19,11)
end

算法执行完毕！！！算法执行 30 次所花的时间为 78 秒


单目标算法最佳完成时间：18个步长，平均步长：18，标准差：0