grid
(1,1) (21,21)
end

blockages
(2,10) (5,7)
(12,5) (15,2)
(12,9) (14,7)
(2,14) (4,12)
(2,4) (4,2)
(6,4) (8,2)
end

nets
3 (20,3) -> (8,6)
2 (14,21) -> (18,6)
4 (13,18) -> (16,4)
1 (8,21) -> (6,8)
end

routes
1 (8,21) (7,21) (6,21) (6,20) (6,19) (6,18) (6,17) (6,16) (6,15) (6,14) (6,13) (6,12) (6,11) (6,10) (6,9) (6,8)
2 (14,21) (15,21) (16,21) (17,21) (18,21) (18,20) (18,19) (18,18) (18,17) (18,16) (18,15) (18,14) (18,13) (18,12) (18,11) (18,10) (18,9) (18,8) (18,7) (18,6)
3 (20,3) (20,4) (20,5) (20,6) (19,6) (18,6) (17,6) (16,6) (15,6) (14,6) (13,6) (12,6) (11,6) (10,6) (9,6) (8,6)
4 (13,18) (14,18) (15,18) (16,18) (16,17) (16,16) (16,15) (16,14) (16,13) (16,12) (16,11) (16,10) (16,9) (16,8) (16,7) (16,6) (16,5) (16,4)
end

算法执行完毕！！！算法执行 30 次所花的时间为 129 秒


单目标算法最佳完成时间：19个步长，平均步长：19，标准差：0
