grid
(1,1) (21,21)
end

blockages
(2,10) (5,7)
(12,19) (15,16)
(12,9) (14,7)
(12,13) (14,11)
(16,14) (18,12)
end

nets
5 (9,20) -> (6,17)
4 (14,1) -> (11,9)
6 (11,18) -> (21,11)
1 (8,1) -> (4,16)
2 (1,13) -> (4,16)
3 (16,17) -> (11,9)
end

routes
1 (8,1) (8,2) (8,3) (8,4) (8,5) (8,6) (8,7) (8,8) (8,9) (8,10) (8,11) (8,12) (8,13) (8,14) (8,15) (7,15) (6,15) (5,15) (4,15) (4,16)
2 (1,13) (1,14) (1,15) (1,16) (2,16) (3,16) (4,16)
3 (16,17) (16,17) (16,17) (16,17) (16,17) (16,17) (16,17) (16,17) (16,17) (16,17) (16,17) (16,16) (16,16) (16,15) (15,15) (14,15) (13,15) (12,15) (11,15) (11,14) (11,13) (11,12) (11,11) (11,10) (11,9)
4 (14,1) (14,2) (14,3) (14,4) (14,5) (14,6) (13,6) (12,6) (11,6) (11,7) (11,8) (11,9)
5 (9,20) (8,20) (7,20) (6,20) (6,19) (6,18) (6,17)
6 (11,18) (11,17) (11,16) (11,15) (12,15) (13,15) (14,15) (15,15) (16,15) (17,15) (18,15) (19,15) (20,15) (21,15) (21,14) (21,13) (21,12) (21,11)
end

算法执行完毕！！！算法执行 30 次所花的时间为 716 秒


单目标算法最佳完成时间：24个步长，平均步长：24，标准差：0