grid
(1,1) (21,21)
end

blockages
(12,10) (15,7)
(2,15) (5,12)
(2,4) (4,2)
(2,8) (4,6)
(6,4) (8,2)
(10,4) (12,2)
end

nets
2 (21,3) -> (21,11)
3 (11,9) -> (5,8)
1 (19,1) -> (17,3)
4 (9,11) -> (21,11)
end

routes
1 (19,1) (19,2) (19,3) (18,3) (17,3)
2 (21,3) (21,4) (21,5) (21,6) (21,7) (21,8) (21,9) (21,10) (21,11)
3 (11,9) (10,9) (9,9) (8,9) (7,9) (6,9) (5,9) (5,8)
4 (9,11) (10,11) (11,11) (12,11) (13,11) (14,11) (15,11) (16,11) (17,11) (18,11) (19,11) (20,11) (21,11)
end

算法执行完毕！！！算法执行 30 次所花的时间为 97 秒


单目标算法最佳完成时间：12个步长，平均步长：12，标准差：0