grid
(1,1) (21,21)
end

blockages
(12,10) (15,7)
(2,15) (5,12)
(2,8) (4,6)
(6,4) (8,2)
(6,9) (8,7)
(10,4) (12,2)
(14,4) (16,2)
end

nets
2 (1,3) -> (16,8)
1 (14,21) -> (18,6)
end

routes
1 (14,21) (15,21) (16,21) (17,21) (18,21) (18,20) (18,19) (18,18) (18,17) (18,16) (18,15) (18,14) (18,13) (18,12) (18,11) (18,10) (18,9) (18,8) (18,7) (18,6)
2 (1,3) (1,4) (1,5) (2,5) (3,5) (4,5) (5,5) (5,6) (6,6) (7,6) (8,6) (9,6) (10,6) (11,6) (12,6) (13,6) (14,6) (15,6) (16,6) (16,7) (16,8)
end


算法执行完毕！！！算法执行 30 次所花的时间为 61 秒


单目标算法最佳完成时间：20个步长，平均步长：20，标准差：0