grid
(1,1) (21,21)
end

blockages
(7,5) (10,2)
(17,4) (19,2)
(12,9) (14,7)
(10,19) (12,17)
(2,4) (4,2)
end

nets
4 (5,13) -> (1,13)
1 (8,21) -> (1,8)
5 (7,11) -> (21,11)
3 (5,16) -> (3,6)
2 (14,21) -> (13,6)
6 (9,18) -> (11,4)
end

routes
1 (8,21) (7,21) (6,21) (5,21) (4,21) (3,21) (3,20) (3,19) (3,18) (3,17) (3,16) (3,15) (3,14) (3,13) (3,12) (3,11) (2,11) (1,11) (1,10) (1,9) (1,8)
2 (14,21) (15,21) (15,20) (15,19) (15,18) (15,17) (15,16) (15,15) (15,14) (15,13) (15,13) (15,12) (15,11) (15,10) (15,9) (15,8) (15,7) (15,6) (14,6) (13,6)
3 (5,16) (4,16) (3,16) (3,15) (3,15) (3,14) (3,13) (3,12) (3,11) (3,10) (3,9) (3,8) (3,7) (3,6)
4 (5,13) (4,13) (3,13) (2,13) (1,13)
5 (7,11) (8,11) (9,11) (10,11) (11,11) (12,11) (13,11) (14,11) (15,11) (16,11) (17,11) (18,11) (19,11) (20,11) (21,11)
6 (9,18) (9,17) (9,16) (10,16) (11,16) (11,15) (11,14) (11,13) (11,12) (11,11) (11,10) (11,9) (11,8) (11,7) (11,6) (11,5) (11,4)
end

算法执行完毕！！！算法执行 30 次所花的时间为 188 秒


单目标算法最佳完成时间：20个步长，平均步长：20，标准差：0