grid
(1,1) (21,21)
end

blockages
(15,15) (18,12)
(5,5) (8,2)
(7,20) (10,17)
(16,4) (18,2)
(15,9) (17,7)
(6,9) (8,7)
(6,13) (8,11)
end

nets
1 (14,21) -> (15,4)
2 (5,11) -> (13,6)
end

routes
1 (14,21) (14,20) (14,19) (14,18) (14,17) (14,16) (14,15) (14,14) (14,13) (14,12) (14,11) (14,10) (14,9) (14,8) (14,7) (14,6) (15,6) (15,5) (15,4)
2 (5,11) (5,10) (6,10) (7,10) (8,10) (9,10) (10,10) (11,10) (12,10) (12,10) (12,10) (12,10) (12,10) (12,10) (13,10) (13,9) (13,8) (13,7) (13,6)
end

算法执行完毕！！！算法执行 30 次所花的时间为 80 秒


单目标算法最佳完成时间：18个步长，平均步长：18，标准差：0
