grid
(1,1) (21,21)
end

blockages
(6,15) (9,12)
(16,10) (19,7)
(2,17) (4,15)
(17,4) (19,2)
(6,19) (8,17)
(10,19) (12,17)
end

nets
1 (9,8) -> (11,8)
2 (11,6) -> (21,11)
3 (8,21) -> (8,6)
4 (10,3) -> (6,4)
end

routes
1 (9,8) (10,8) (11,8)
2 (11,6) (12,6) (13,6) (13,7) (13,8) (13,9) (13,10) (13,11) (14,11) (15,11) (16,11) (17,11) (18,11) (19,11) (20,11) (21,11)
3 (8,21) (9,21) (9,20) (9,19) (9,18) (9,17) (9,16) (10,16) (10,15) (10,14) (10,13) (10,12) (10,11) (9,11) (8,11) (8,10) (8,9) (8,8) (8,7) (8,6)
4 (10,3) (10,4) (9,4) (8,4) (7,4) (6,4)
end

算法执行完毕！！！算法执行 30 次所花的时间为 107 秒


单目标算法最佳完成时间：19个步长，平均步长：19，标准差：0