grid
(1,1) (21,21)
end

blockages
(7,19) (10,16)
(2,10) (5,7)
(12,9) (14,7)
(12,13) (14,11)
(16,14) (18,12)
(2,14) (4,12)
end

nets
2 (14,21) -> (13,20)
3 (16,18) -> (20,17)
1 (15,8) -> (11,18)
4 (14,16) -> (21,11)
end

routes
1 (15,8) (15,9) (15,10) (15,11) (15,12) (15,13) (15,14) (14,14) (13,14) (12,14) (12,15) (12,16) (12,17) (12,18) (11,18)
2 (14,21) (13,21) (13,20)
3 (16,18) (17,18) (18,18) (19,18) (20,18) (20,17)
4 (14,16) (15,16) (16,16) (17,16) (18,16) (18,15) (19,15) (20,15) (21,15) (21,14) (21,13) (21,12) (21,11)
end

算法执行完毕！！！算法执行 30 次所花的时间为 102 秒


单目标算法最佳完成时间：14个步长，平均步长：14，标准差：0