grid
(1,1) (14,14)
end

blockages
end

nets
1 (1,11) -> (7,1)
3 (6,7) -> (5,11)
5 (10,3) -> (9,8)
4 (14,10) -> (9,8)
7 (6,5) -> (5,3)
6 (2,7) -> (3,9)
2 (12,1) -> (7,1)
end

routes
1 (1,11) (2,11) (3,11) (4,11) (4,10) (4,9) (4,8) (4,7) (4,6) (4,5) (4,4) (4,3) (5,3) (6,3) (7,3) (7,2) (7,1)
2 (12,1) (11,1) (10,1) (9,1) (8,1) (7,1) (7,1)
3 (6,7) (6,8) (6,9) (6,10) (6,11) (6,11) (5,11)
4 (14,10) (13,10) (12,10) (11,10) (10,10) (9,10) (9,9)
5 (10,3) (10,4) (10,5) (10,6) (10,7) (10,8) (9,8)
6 (2,7) (2,8) (2,9) (2,9) (2,9) (2,9) (2,9) (2,9) (3,9)
7 (6,5) (6,5) (6,5) (6,5) (6,5) (6,5) (6,5) (6,5) (6,5) (6,5) (6,5) (6,5) (5,5) (5,5) (5,5) (5,4) (5,3)
end

算法执行完毕！！！算法执行 30 次所花的时间为 109 秒，平均每次运行3.63s


单目标算法最佳完成时间：16个步长，平均步长：16，标准差：0