grid
(1,1) (14,14)
end

blockages
(8,7) (11,2)
(2,12) (4,10)
end

nets
1 (14,10) -> (7,14)
4 (5,3) -> (3,6)
2 (3,9) -> (7,14)
3 (14,5) -> (3,6)
end

routes
1 (14,10) (14,11) (14,12) (14,13) (14,14) (13,14) (12,14) (11,14) (10,14) (9,14) (8,14) (7,14)
2 (3,9) (4,9) (5,9) (5,10) (5,11) (5,12) (5,13) (5,14) (6,14) (7,14)
3 (14,5) (14,6) (14,7) (14,8) (13,8) (12,8) (11,8) (10,8) (9,8) (8,8) (7,8) (6,8) (5,8) (5,7) (5,6) (4,6)
4 (5,3) (5,4) (5,5) (5,6) (4,6) (3,6)
end

算法执行完毕！！！算法执行 30 次所花的时间为 71 秒，平均每次运行2.4s


单目标算法最佳完成时间：15个步长，平均步长：15，标准差：0