grid
(1,1) (14,14)
end

blockages
(2,13) (5,10)
end

nets
4 (3,9) -> (12,6)
1 (5,14) -> (2,7)
2 (10,14) -> (5,7)
3 (1,5) -> (7,6)
5 (5,3) -> (11,12)
6 (1,10) -> (11,12)
end

routes
1 (5,14) (6,14) (6,13) (6,12) (6,11) (6,11) (6,10) (6,9) (5,9) (4,9) (3,9) (3,8) (2,8) (2,7)
2 (10,14) (9,14) (8,14) (8,14) (7,14) (6,14) (6,13) (6,12) (6,11) (6,11) (6,10) (6,9) (5,9) (5,8) (5,7)
3 (1,5) (2,5) (3,5) (4,5) (5,5) (6,5) (7,5) (7,6)
4 (3,9) (4,9) (5,9) (6,9) (7,9) (8,9) (9,9) (10,9) (11,9) (12,9) (12,8) (12,7) (12,6)
5 (5,3) (5,4) (6,4) (7,4) (8,4) (9,4) (9,5) (9,6) (9,7) (9,8) (9,9) (9,10) (9,11) (9,12) (10,12) (11,12)
6 (1,10) (1,11) (1,12) (1,13) (1,14) (2,14) (3,14) (4,14) (5,14) (6,14) (7,14) (8,14) (9,14) (10,14) (11,14) (11,13)
end

算法执行完毕！！！算法执行 30 次所花的时间为 120 秒，平均每次运行4s


单目标算法最佳完成时间：15个步长，平均步长：16.73，标准差：1.98