grid
(1,1) (14,14)
end

blockages
(7,4) (9,2)
(11,4) (13,2)
end

nets
5 (9,14) -> (5,11)
3 (2,7) -> (3,5)
1 (8,5) -> (11,10)
2 (14,5) -> (11,10)
4 (1,2) -> (7,1)
end

routes
1 (8,5) (8,6) (8,7) (8,8) (8,9) (8,10) (9,10) (10,10) (11,10)
2 (14,5) (14,6) (14,7) (14,8) (14,9) (14,10) (13,10) (12,10) (11,10)
3 (2,7) (3,7) (3,6) (3,5)
4 (1,2) (2,2) (3,2) (4,2) (5,2) (6,2) (6,1) (7,1)
5 (9,14) (8,14) (7,14) (6,14) (5,14) (5,13) (5,12) (5,11)
end

算法执行完毕！！！算法执行 30 次所花的时间为 75 秒，平均每次运行2.5s


单目标算法最佳完成时间：8个步长，平均步长：8，标准差：0